1      859-4900 Washington, D.C.    T.M. 75 W.     Used 2001->           8594900
001548 3 0                                                                      
2949   1 13352355  1692743  2472144  1502818  139 311  1143129   391166
2949   2   38 353    0   0   51 105   572188    0   0   263379   231842
2949   3   113364   422582   382513    82973    92664    0   0  125 396
2949   4  2511104    0   0    0   0    43263   232789   173144   142952
2949   5    33438   422897    0   0    0   0   872459   35 521   602718
2949   6   132467   35 743


134 235 17 2743 25 2143 15 2817 